97,113,109,64,137,7,155,87,169,95,139,152,36,123,86,185,88,17,115,0,168,148,183,161,154,180,188,48,174,130,45,119,121,182,96,153,41,80,91,106,104,160,79,144,25,18,89,82,141,15,71,93,140,94,29,124,101,167,31,171,149,98,118,122,40,179,22,150,159,145,177,3,147,103,76,52,112,189,68,28,166,69,10,184,142,128,131,13,108,27,172,73,138,59,60,126
120,112,118,135,97,23,146,79,108,101,8,7,86,115,148,64,88,133,106,152,32,150,155,94,103,102,132,74,43,44,96,81,153,35,17,80,31,59,134,126,95,138,9,136,116,75,36,69,0,70,21,49,13,19,10,72,6,48,63,110,90,157,87,114,41,98,76,51,24,2,154,29,40,46,113,66,125,84,14,78
25,31,36,20,35,23,18,44,55,37,2,11,33,1,28,40,14,48,49,3,5,17,47,57,53,7,12,59,32,38,54,60
63,46,51,21,55,65,47,22,40,76,15,68,56,26,45,77,58,3,11,73,37,2,8,75,42,54,14,60,10,43,4,6,7,29,49,30,57,28,53,1
7,62,78,88,10,6,67,80,57,5,0,77,32,29,43,19,93,63,51,3,52,92,1,74,68,35,83,4,96,24,27,54,42,71,33,61,82,8,73,40,36,37,38,89,85,47,45,23,44
29,19,41,75,71,25,49,30,40,62,1,12,64,66,8,70,78,45,58,43,36,20,76,9,22,51,42,38,69,35,44,65,47,56,52,61,5,77,53,60
32,44,34,25,36,22,81,87,40,50,69,15,66,2,13,21,82,57,67,19,0,53,74,35,1,45,14,24,79,70,18,42,75,3,84,73,91,59,56,23,6,49,64,26,37,83,11
12,38,39,13,44,43,23,50,6,47,36,17,22,15,27,25,18,4,16,8,30,1,46,32,37,42,20
7,3,30,28,13,37,35,18,19,26,41,38,42,6,40,8,29,39,9,31,25,17
63,52,18,21,39,31,35,50,48,55,47,61,3,57,28,12,42,41,29,23,14,58,5,43,68,62,37,36,60,2,40,49,24,46,59
38,30,31,15,28,64,27,18,25,55,29,12,63,41,21,40,44,39,9,56,62,47,43,24,10,35,33,2,36,8,57,50,42
47,46,23,24,53,38,15,27,48,26,22,25,42,19,45,37,31,34,7,8,11,29,1,17,2,32,33,51,60,58,0,40
17,55,45,15,11,48,7,54,59,62,46,6,22,18,31,58,42,14,27,43,19,21,64,29,23,40,33,0,52,44,47,20,38,50,28
19,32,25,47,9,57,53,48,50,16,35,36,39,2,7,11,10,63,24,51,38,66,37,65,55,14,26,13,34,49,18,17,60,28,62
14,52,32,67,65,44,30,46,34,15,0,66,48,41,57,2,51,56,27,64,17,22,59,35,54,55,11,45,39,58,62,13,9,7,28
13,63,74,41,54,69,3,62,68,56,38,53,72,37,42,46,59,71,31,76,18,34,12,64,51,20,66,43,15,30,7,10,73,65,25,50,45,17,47
26,41,32,52,3,54,51,65,36,1,12,17,59,28,15,0,64,14,47,25,53,6,62,11,56,48,66,63,34,7,38,67,20,39,30,9,5
19,37,33,68,79,70,27,63,64,74,38,41,67,16,65,7,62,31,53,69,30,22,47,80,14,3,17,35,13,9,73,1,39,10,72,71,58,59,50,34,43,56
66,44,48,21,59,55,20,5,25,31,16,70,56,60,69,53,19,65,73,37,74,13,40,1,46,45,42,10,52,33,41,18,9,35,43,39,14,34
8,37,52,19,7,2,28,4,42,71,10,21,62,26,34,6,14,43,53,68,57,48,12,13,15,0,27,67,51,5,59,33,50,38,70,60,65,23
0,60,9,43,56,47,14,49,61,73,57,66,50,10,28,44,63,81,35,33,19,17,80,18,58,88,48,15,40,79,87,23,6,41,55,68,62,36,12,78,77,22,69,67,7
76,72,12,70,32,41,55,23,53,37,20,68,24,22,65,85,30,19,77,29,21,80,88,71,8,86,40,75,57,47,52,15,42,58,17,64,84,31,35,45,81,36,51,67,74
7,39,45,46,6,15,76,33,79,40,32,1,34,11,70,67,56,41,17,19,29,10,42,9,47,78,48,31,65,16,58,80,5,36,22,50,8,60,63,25,21
66,63,57,43,35,68,58,22,8,79,27,69,10,30,45,26,25,73,71,50,36,19,23,5,29,67,49,4,12,52,48,75,47,77,53,82,81,39,44,64,76,51,56
5,18,29,7,68,3,80,64,78,14,56,47,83,73,44,81,37,48,2,50,41,19,38,10,28,75,17,32,4,63,34,39,54,77,58,36,12,72,45,65,70,21,42,84
4,33,45,40,36,68,31,26,70,53,51,34,30,73,13,59,37,46,19,7,18,71,62,57,49,5,27,14,42,54,41,69,20,28,66,1,50,44,56
26,58,29,39,55,37,6,63,34,1,13,10,12,61,50,2,30,46,69,66,56,54,35,4,25,60,20,7,47,44,24,70,38,36,48,57
58,68,70,29,48,67,20,4,23,63,53,15,3,8,0,55,16,39,36,57,38,22,64,7,37,47,41,9,45,35,19,69,21,30,28,13
66,33,16,43,27,10,35,57,7,5,37,28,2,58,9,60,18,31,8,54,20,3,44,21,68,4,32,49,0,42,39,47,24,36,26,1
45,43,74,18,84,32,69,58,26,80,9,7,28,24,1,2,36,83,54,67,56,55,64,30,14,19,3,82,49,41,17,13,76,59,63,50,15,46,12,81,29,6,72
1,3,56,58,15,60,43,49,24,52,66,78,84,73,8,64,71,62,47,12,48,2,35,27,77,83,54,34,74,16,33,20,57,51,70,4,39,79,67,22,31,21,40
46,61,58,71,36,31,54,69,17,45,47,8,38,56,51,23,15,60,64,2,5,27,44,68,30,25,72,0,21,40,6,65,16,29,43,9,11,18
70,7,62,32,19,66,10,43,47,52,49,64,11,22,18,42,30,33,39,73,67,51,72,8,55,57,40,54,35,28,46,58,27,71,69,3,53,15
79,34,35,77,72,78,66,73,8,69,48,4,56,67,14,20,55,65,21,71,43,62,70,0,81,19,63,25,45,2,52,64,44,3,82,9,1,7,27,5,80,22,75,28
21,10,7,77,26,50,12,18,62,32,23,20,17,8,85,70,52,16,74,58,5,15,83,59,57,0,68,4,34,19,82,1,36,33,44,81,3,14,24,69,28,63,54,42
97,103,79,15,16,23,45,5,99,93,21,80,6,11,104,7,111,32,52,92,49,105,60,87,24,29,56,110,86,42,90,27,22,98,10,39,100,0,91,96,55,95,40,3,41,2,74,50,71,101,63,12,85,1,102,34,106
39,49,24,21,85,83,67,22,27,19,84,31,46,11,68,66,26,18,34,33,43,73,40,78,13,65,55,12,62,2,59,32,52,36,69,29,63,64,5,72,16,37,47,25
32,33,45,26,2,5,21,28,37,12,10,17,40,20,46,38,27,4,47,50,30,15,8,41,9,24
35,38,15,0,36,32,22,27,10,4,16,23,24,28,26,21,2,30,6,9
37,7,18,34,5,22,2,35,23,28,11,20,3,6,29,21,36,15,8,13
9,54,49,23,30,27,56,63,13,53,48,47,11,1,37,18,33,14,31,35,29,19,44,8,64,46,62,58,34,51,59,32,20
26,39,37,32,9,6,30,34,14,16,29,5,17,18,8,27,38,15,11,42,0,36,7
6,14,25,40,7,18,9,12,31,3,15,22,19,1,33,27,34,2,5,13,0,42,29
7,31,27,2,20,34,0,26,11,1,10,29,35,16,19,6,5,21,33
9,23,12,36,29,20,33,16,34,7,15,40,10,39,21,17,3,31,24,28,13
13,15,19,22,18,11,25,28,20,27,6,1,17,26,24
6,26,22,21,23,4,14,15,27,17,2,25,12,19,5
23,22,32,26,24,19,29,5,28,14,8,15,6,30,0,31,20
5,14,21,41,33,44,1,32,43,7,24,34,31,19,10,39,27,2,42,40,11,15,16
29,36,28,11,15,10,4,21,3,7,9,2,16,34,31,19,13,23,35
3,41,25,12,46,35,23,10,15,6,13,43,28,14,20,8,29,24,18,5,16,34,1,39
15,14,8,6,26,17,0,30,20,4,21,28,3,29,25,12
10,29,25,32,1,31,5,15,12,23,11,35,21,18,33,6,8,16,37,36
47,6,50,51,16,8,29,3,31,33,38,18,41,57,13,28,19,4,2,24,17,11,37,53,45,10,44,7,48,39
17,8,14,5,6,30,2,19,25,29,10,23,18,13,22,1,7
4,32,23,11,5,15,28,14,30,31,22,21,19,12,17,2,13,3
29,18,58,21,19,62,23,60,41,24,55,33,53,2,50,9,38,54,27,63,11,32,25,57,35,20,12,8,17,46,61,10,59,15
23,21,32,3,34,18,20,33,40,28,11,24,35,25,5,9,17,26,15,30,36
6,14,25,15,29,28,1,27,21,17,12,19,4,11,10,13,24
18,22,1,9,27,10,12,21,11,4,6,15,23,19,16
1,2,4,21,11,10,13,3,18,27,6,14,28,12,16,5,23
32,28,8,25,2,20,9,11,1,31,12,0,18,22,4,21,13
20,4,19,34,8,37,15,30,33,12,16,29,21,14,0,35,26,17,11,31
7,19,22,28,14,6,24,25,1,2,27,23,10,9,18
7,30,16,37,10,41,15,35,11,31,29,4,40,43,19,8,44,33,46,32,1,0,34,27
13,48,22,16,6,51,1,0,20,14,33,17,52,24,49,9,46,3,27,58,35,55,31,2,11,18,57,32,42,56,5,60
16,2,14,13,9,21,6,17,4,18,5,12
7,19,22,3,14,12,11,6,15,8,10,21
24,3,25,18,13,27,15,21,46,16,11,40,17,14,42,19,47,0,29,41,39,34,31,37,32
25,27,5,0,16,22,26,2,4,3,1,12,11,8,9
25,14,17,5,0,8,3,16,1,21,20,6,9,11
3,1,16,14,10,30,22,2,7,27,28,13,12,26,20,4
7,3,24,18,8,6,4,22,15,13,14,1,11
1,0,14,10,9,15,18,16,24,19,3,4,12
7,12,1,25,23,26,13,21,3,2,24,20,27,28,5,22
18,29,4,7,1,0,24,28,10,19,26,8,14,25,27,12
45,60,34,26,57,12,2,59,16,54,1,56,35,52,64,10,65,32,48,53,3,15,17,33,21,44,38,42,19,4,24,51,50,18
13,7,23,10,12,1,6,5,15,2,0,14,22
1,8,3,12,22,19,21,0,17,6,14,5,9
21,11,7,1,9,16,3,8,19,10,4,17
7,24,1,5,14,13,22,8,6,16,20,25,10,15
12,14,23,19,0,20,13,16,22,4,5,6,7
15,20,4,3,19,8,6,2,17,11,0,10,5
5,17,3,1,10,9,7,18,11,15,22,27,21,4,2
4,7,10,8,12,9,6,2
24,0,27,10,20,5,22,1,23,14,15,11,18,30,17,9
11,15,6,27,4,13,8,16,12,29,7,25,1,10,19,17
54,28,25,73,65,26,50,42,30,72,15,74,24,29,41,60,68,53,46,1,71,48,61,6,19,12,22,13,59,35,17,75,39,18,37,10,14,43,8
18,17,10,28,7,33,11,27,21,19,31,8,16,30,22,2,26,20,15
6,34,21,18,29,14,15,28,9,33,26,23,1,5,0,31,8,13,36
27,15,17,6,26,0,2,14,8,20,19,31,3,10,4,23,12
21,12,19,0,8,1,9,20,3,18,4,2,6
18,12,13,2,15,6,16,21,14,5,4,11
8,15,5,7,4,10,2,0,17,13
0,8,4,5,3,2,11
0,2,9,1,6,3,4
1,7,0,11,9,4,10
14,9,4,3,7,0,10,2,11,13,16
22,5,14,2,4,19,23,18,7,16,13,11,17
5,16,19,11,1,2,9,8,15,12,6,20,10
17,12,24,20,28,2,11,19,27,4,13,14,22,21,15,26
5,13,2,9,3,7,0,12
10,21,17,23,14,2,9,18,22,7,15,12,24
24,9,11,13,29,0,25,1,20,23,4,7,21,3,28,14
4,8,11,9,15,16,5,13,10,17
12,21,25,11,26,23,7,28,3,19,4,14,18,5,13
7,18,9,3,10,8,0,11,5,16,14
7,1,6,5,2,4
9,2,7,13,14,17,18,8,15,10
11,0,5,10,14,1,8,2,16
7,6,8,5,2
0,8,3,1,4
6,38,17,28,54,22,36,30,8,24,26,32,41,51,46,18,20,12,44,50,53,0,5,25,3,4,39,27,16
14,4,12,10,13,2,0,15,7
9,0,6,7,14,16,2,18,17,22,20,25,29,19,1,4
11,13,12,10,8,4,7,9
0,4,5,2
6,2,3,9,0,1
26,43,14,41,27,5,37,36,28,7,21,40,13,29,38,12,22,23,16,17,6,44,20
7,22,16,23,35,27,10,18,25,9,11,34,1,3,6,13,33,29,31
7,4,2,3,0
18,21,50,5,45,49,14,31,30,6,35,7,25,22,8,13,23,4,43,47,37,39,12,42,10,46,9
0,5,3,6
13,5,15,8,6,9,19,7,1,4,12
0,2,3
0,8,9,6,7,1,10
0,6,2,3,7,9
27,24,19,3,33,29,6,20,15,26,34,22,1,9,35,30,18,14,32
